import numpy as np

y2 = np.array([
    [3.75457E-09, 8.93587E-07, 5.40282E-06, -7.38748E-05, 5.40282E-06, 8.93587E-07, 3.75457E-09],
    [8.93587E-07, 2.12674E-05, 1.285871E-03, -1.758221E-02, 1.285871E-03, 2.12674E-05, 8.93587E-07],
    [5.40282E-06, 1.285871E-03, 7.774658E-03, -1.06305883E-01, 7.774658E-03, 1.285871E-03, 5.40282E-06],
    [-7.38748E-05, -1.758221E-02, -1.06305883E-01, 1.45356119, -1.06305883E-01, -1.758221E-02, -7.38748E-05],
    [5.40282E-06, 1.285871E-03, 7.774658E-03, -1.06305883E-01, 7.774658E-03, 1.285871E-03, 5.40282E-06],
    [8.93587E-07, 2.12674E-05, 1.285871E-03, -1.758221E-02, 1.285871E-03, 2.12674E-05, 8.93587E-07],
    [3.75457E-09, 8.93587E-07, 5.40282E-06, -7.38748E-05, 5.40282E-06, 8.93587E-07, 3.75457E-09]
])

y3 = np.array([
    [1.24562E-08, 2.96456E-06, 1.59314E-05, -0.000149424, 1.59314E-05, 2.96456E-06, 1.24562E-08],
    [2.96456E-06, 0.000705566, 0.003791678, -0.035562919, 0.003791678, 0.000705566, 2.96456E-06],
    [1.59314E-05, 0.003791678, 0.020376288, -0.191113331, 0.020376288, 0.003791678, 1.59314E-05],
    [-0.000149424, -0.035562919, -0.191113331, 1.792490633, -0.191113331, -0.035562919, -0.000149424],
    [1.59314E-05, 0.003791678, 0.020376288, -0.191113331, 0.020376288, 0.003791678, 1.59314E-05],
    [2.96456E-06, 0.000705566, 0.003791678, -0.035562919, 0.003791678, 0.000705566, 2.96456E-06],
    [1.24562E-08, 2.96456E-06, 1.59314E-05, -0.000149424, 1.59314E-05, 2.96456E-06, 1.24562E-08]
])

y4 = np.array([
    [1.6236E-10, 4.1165E-08, 9.20847E-07, 2.14132E-06, -1.8949E-05, 2.14132E-06, 9.20847E-07, 4.1165E-08, 1.6236E-10],
    [4.1165E-08, 1.0437E-05, 0.000233473, 0.000542915, -0.004804375, 0.000542915, 0.000233473, 1.0437E-05, 4.1165E-08],
    [9.20847E-07, 0.000233473, 0.00522272, 0.012144825, -0.107472272, 0.012144825, 0.00522272, 0.000233473, 9.20847E-07],
    [2.14132E-06, 0.000542915, 0.012144825, 0.028241375, -0.249914233, 0.028241375, 0.012144825, 0.000542915, 2.14132E-06],
    [-1.8949E-05, -0.004804375, -0.107472272, -0.249914233, 2.211546853, -0.249914233, -0.107472272, -0.004804375, -1.8949E-05],
    [2.14132E-06, 0.000542915, 0.012144825, 0.028241375, -0.249914233, 0.028241375, 0.012144825, 0.000542915, 2.14132E-06],
    [9.20847E-07, 0.000233473, 0.00522272, 0.012144825, -0.107472272, 0.012144825, 0.00522272, 0.000233473, 9.20847E-07],
    [4.1165E-08, 1.0437E-05, 0.000233473, 0.000542915, -0.004804375, 0.000542915, 0.000233473, 1.0437E-05, 4.1165E-08],
    [1.6236E-10, 4.1165E-08, 9.20847E-07, 2.14132E-06, -1.8949E-05, 2.14132E-06, 9.20847E-07, 4.1165E-08, 1.6236E-10],
])

y5 = np.array([
    [5.26177E-10, 1.32248E-07, 2.7676E-06, 4.92362E-06, -3.85865E-05, 4.92362E-06, 2.7676E-06, 1.32248E-07, 5.26177E-10],
    [1.32248E-07, 3.32391E-05, 0.000695605, 0.001237494, -0.009698272, 0.001237494, 0.000695605, 3.32391E-05, 1.32248E-07],
    [2.7676E-06, 0.000695605, 0.014557157, 0.025897446, -0.202958992, 0.025897446, 0.014557157, 0.000695605, 2.7676E-06],
    [4.92362E-06, 0.001237494, 0.025897446, 0.046072025, -0.361067725, 0.046072025, 0.025897446, 0.001237494, 4.92362E-06],
    [-3.85865E-05, -0.009698272, -0.202958992, -0.361067725, 2.829697678, -0.361067725, -0.202958992, -0.009698272, -3.85865E-05],
    [4.92362E-06, 0.001237494, 0.025897446, 0.046072025, -0.361067725, 0.046072025, 0.025897446, 0.001237494, 4.92362E-06],
    [2.7676E-06, 0.000695605, 0.014557157, 0.025897446, -0.202958992, 0.025897446, 0.014557157, 0.000695605, 2.7676E-06],
    [1.32248E-07, 3.32391E-05, 0.000695605, 0.001237494, -0.009698272, 0.001237494, 0.000695605, 3.32391E-05, 1.32248E-07],
    [5.26177E-10, 1.32248E-07, 2.7676E-06, 4.92362E-06, -3.85865E-05, 4.92362E-06, 2.7676E-06, 1.32248E-07, 5.26177E-10],
])

filters = {
    'y2': y2,
    'y3': y3,
    'y4': y4,
    'y5': y5
}