import numpy as np

y2 = 1/64 * np.array([
    [-1, -6, -1],
    [-6, 28, -6],
    [-1, -6, -1]
])

y3 = 1/36 * np.array([
    [-1, -4, -1],
    [-4, 16, -4],
    [-1, -4, -1]
])

y4 = 1/147456 * np.array([
    [-1, -76, -230, -76, -1],
    [-76, -5776, -17480, -5776, -76],
    [-230, -17480, 94556, -17480, -230],
    [-76, -5776, -17480, -5776, -76],
    [-1, -76, -230, -76, -1]
])

y5 = 1/14400 * np.array([
    [-1, -26, -66, -26, -1],
    [-26, -676, -1716, -676, -26],
    [-66, -1716, 10044, -1716, -66],
    [-26, -676, -1716, -676, -26],
    [-1, -26, -66, -26, -1]
])


filters = {
    'y2': y2,
    'y3': y3,
    'y4': y4,
    'y5': y5
}