import numpy as np


y20 = 1/64 * np.array([
       [  1,   6,   1],
       [  6,  36,   6],
       [  1,   6,   1]
])

y21 = 1/2304 * np.array([
       [   1,   -2,  -46,   -2,   -1],
       [  -2,    4,   92,    4,    2],
       [ -46,   92, 2116,   92,   46],
       [  -2,    4,   92,    4,    2],
       [  -1,    2,   46,    2,    1]
])

y22 = 1/82944 * np.array([
       [    1,    -4,    -5,   304,    -5,    -4,     1],
       [   -4,    16,    20, -1216,    20,    16,    -4],
       [   -5,    20,    25, -1520,    25,    20,    -5],
       [  304, -1216, -1520, 92416, -1520, -1216,   304],
       [   -5,    20,    25, -1520,    25,    20,    -5],
       [   -4,    16,    20, -1216,    20,    16,    -4],
       [    1,    -4,    -5,   304,    -5,    -4,     1]
])

y30 = 1/2304 * np.array([
       [  1,  23,  23,   1],
       [ 23, 529, 529,  23],
       [ 23, 529, 529,  23],
       [  1,  23,  23,   1]
])

y40 = 1/147456 * np.array([
       [    1,    76,   230,    76,     1],
       [   76,  5776, 17480,  5776,    76],
       [  230, 17480, 52900, 17480,   230],
       [   76,  5776, 17480,  5776,    76],
       [    1,    76,   230,    76,     1]
])

y5 = 1/14745600 * np.array([
       [      1,     237,    1682,    1682,     237,       1],
       [    237,   56169,  398634,  398634,   56169,     237],
       [   1682,  398634, 2829124, 2829124,  398634,    1682],
       [   1682,  398634, 2829124, 2829124,  398634,    1682],
       [    237,   56169,  398634,  398634,   56169,     237],
       [      1,     237,    1682,    1682,     237,       1]
])