import numpy as np


Ahsl = 1/147456 * np.array([
    [65, -52, -2714, -52, 65],
    [-52, 3728, 9544, 3728, -52],
    [-2714, 9544, 252836, 9544, -2714],
    [-52, 3728, 9544, 3728, -52],
    [65, -52, -2714, -52, 65]
])

Bhsl = 1/147456 * np.array([
    [1, 332, -1562, -1716, 257],
    [76, 2960, 7240, 7056, -436],
    [230, -8120, 199844, 86088, -11546],
    [76, 2960, 7240, 7056, -436],
    [1, 332, -1562, -1716, 257]
])

Chsl = 1/147456 * np.array([
    [1, 76, 230, 76, 1],
    [332, 2960, -8120, 2960, 332],
    [-1562, 7240, 199844, 7240, -1562],
    [-1716, 7056, 86088, 7056, -1716],
    [257, -436, -11546, -436, 257]
])

Dhsl = 1/147456 * np.array([
    [1, 76, 230, 76, 1],
    [76, 4496, -3512, -3696, 1100],
    [230, -3512, 167588, 53832, -6938],
    [76, -3696, 53832, 53648, -7092],
    [1, 1100, -6938, -7092, 1025]
])

gamma = {
    'H20S21L40': {'A': Ahsl, 'B': Bhsl, 'C': Chsl, 'D': Dhsl},
}