import numpy as np


# Ahsl = 1/2 * 1/147456 * np.array([
#     [65, -52, -2714, -52, 65],
#     [-52, 3728, 9544, 3728, -52],
#     [-2714, 9544, 252836, 9544, -2714],
#     [-52, 3728, 9544, 3728, -52],
#     [65, -52, -2714, -52, 65]
# ])

# Bhsl = 1/2 * 1/147456 * np.array([
#     [1, 332, -1562, -1716, 257],
#     [76, 2960, 7240, 7056, -436],
#     [230, -8120, 199844, 86088, -11546],
#     [76, 2960, 7240, 7056, -436],
#     [1, 332, -1562, -1716, 257]
# ])

# Chsl = 1/2 * 1/147456 * np.array([
#     [1, 76, 230, 76, 1],
#     [332, 2960, -8120, 2960, 332],
#     [-1562, 7240, 199844, 7240, -1562],
#     [-1716, 7056, 86088, 7056, -1716],
#     [257, -436, -11546, -436, 257]
# ])

# Dhsl = 1/2 * 1/147456 * np.array([
#     [1, 76, 230, 76, 1],
#     [76, 4496, -3512, -3696, 1100],
#     [230, -3512, 167588, 53832, -6938],
#     [76, -3696, 53832, 53648, -7092],
#     [1, 1100, -6938, -7092, 1025]
# ])


Ahsl =np.array([ [ -352.91666667, -1756.83333333, -3877.41666667, -1756.83333333,   -352.91666667],
                 [-1756.83333333, -1391.66666667,  1340.16666667, -1391.66666667,  -1756.83333333],
                 [-3877.41666667,  1340.16666667, 15341.08333333,  1340.16666667,  -3877.41666667],
                 [-1756.83333333, -1391.66666667,  1340.16666667, -1391.66666667,  -1756.83333333],
                 [ -352.91666667, -1756.83333333, -3877.41666667, -1756.83333333,   -352.91666667]])

Bhsl = np.array([[ -96.52430556, -195.07118056, -194.42708333,  -46.92881944,    1.37847222],
                 [ -71.50694444,   15.08680556,   14.52083333, -115.08680556, -157.53472222],
                 [  87.53819444,  624.89756944,  621.38541667, -182.89756944, -446.30902778],
                 [ -71.50694444,   15.08680556,   14.52083333, -115.08680556, -157.53472222],
                 [ -96.52430556, -195.07118056, -194.42708333,  -46.92881944,    1.37847222]])

Chsl = np.array([[ -96.52430556,  -71.50694444,   87.53819444,  -71.50694444,  -96.52430556],
                 [-195.07118056,   15.08680556,  624.89756944,   15.08680556, -195.07118056],
                 [-194.42708333,   14.52083333,  621.38541667,   14.52083333, -194.42708333],
                 [ -46.92881944, -115.08680556, -182.89756944, -115.08680556,  -46.92881944],
                 [   1.37847222, -157.53472222, -446.30902778, -157.53472222,    1.37847222]])

Dhsl = np.array([[ -3.65321181,   1.49327257,   1.45963542,  -6.24327257,  -8.76605903],
                 [  1.49327257,  24.42003038,  24.27018229, -10.04503038, -21.28363715],
                 [  1.45963542,  24.27018229,  24.12109375, -10.02018229, -21.20182292],
                 [ -6.24327257, -10.04503038, -10.02018229,  -4.32996962,  -2.46636285],
                 [ -8.76605903, -21.28363715, -21.20182292,  -2.46636285,   3.66970486]])


gamma = {
    'H20S21L40': {'A': Ahsl, 'B': Bhsl, 'C': Chsl, 'D': Dhsl},
}