import numpy as np

gamma_A_21 = 1 / 2304 * np.array([
    [1, -2, -46, -2, 1],
    [-2, 4, 92, 4, -2],
    [-46, 92, 2116, 92, -46],
    [-2, 4, 92, 4, -2],
    [1, -2, -46, -2, 1]
]) 

gamma_B_21 = 1 / 576 * np.array([
    [0, 1, -7, -7, 1],
    [0, -2, 14, 14, -2],
    [0, -46, 322, 322, -46],
    [0, -2, 14, 14, -2],
    [0, 1, -7, -7, 1]
])

gamma_C_21 = 1 / 576 * np.array([
    [0, 0, 0, 0, 0],
    [1, -2, -46, -2, 1],
    [-7, 14, 322, 14, -7],
    [-7, 14, 322, 14, -7],
    [1, -2, -46, -2, 1]
])

gamma_D_21 = 1 / 144 * np.array([
    [0, 0, 0, 0, 0],
    [0, 1, -7, -7, 1],
    [0, -7, 49, 49, -7],
    [0, -7, 49, 49, -7],
    [0, 1, -7, -7, 1]
])

gamma_A_22 = 1 / 82947 * np.array([
    [1, -4, -5, 304, -5, -4, 1],
    [-4, 16, 20, -1216, 20, 16, -4],
    [-5, 20, 25, -1520, 25, 20, -5],
    [304, -1216, -1520, 92416, -1520, -1216, 304],
    [-5, 20, 25, -1520, 25, 20, -5],
    [-4, 16, 20, -1216, 20, 16, -4],
    [1, -4, -5, 304, -5, -4, 1]
])

gamma_B_22 = 1 / 20736 * np.array([
    [0, 1, -9, 44, -9, 1, 0],
    [0, -4, 36, -176, 36, -4, 0],
    [0, -5, 45, -220, 45, -5, 0],
    [0, 304, -2736, 13376, -2736, 304, 0],
    [0, -5, 45, -220, 45, -5, 0],
    [0, -4, 36, -176, 36, -4, 0],
    [0, 1, -9, 44, -9, 1, 0]
]) 

gamma_C_22 = 1 / 20736 * np.array([
    [0, 0, 0, 0, 0, 0, 0],
    [1, -4, -5, 304, -5, -4, 1],
    [-9, 36, 45, -2736, 45, 36, -9],
    [44, -176, -220, 13376, -220, -176, 44],
    [-9, 36, 45, -2736, 45, 36, -9],
    [1, -4, -5, 304, -5, -4, 1],
    [0, 0, 0, 0, 0, 0, 0]
]) 

gamma_D_22 = 1 / 5184 * np.array([
    [0, 0, 0, 0, 0, 0, 0],
    [0, 1, -9, 44, -9, 1, 0],
    [0, -9, 81, -396, 81, -9, 0],
    [0, 44, -396, 1936, -396, 44, 0],
    [0, -9, 81, -396, 81, -9, 0],
    [0, 1, -9, 44, -9, 1, 0],
    [0, 0, 0, 0, 0, 0, 0]
]) 

gamma_A_31 = 1 / 1327104 * np.array([
    [25, 405, -3310, -3310, -3310, 405, 25],
    [405, 6561, -53622, -53622, -53622, 6561, 405],
    [-3310, -53622, 438244, 438244, 438244, -53622, -3310],
    [-3310, -53622, 438244, 438244, 438244, -53622, -3310],
    [-3310, -53622, 438244, 438244, 438244, -53622, -3310],
    [405, 6561, -53622, -53622, -53622, 6561, 405],
    [25, 405, -3310, -3310, -3310, 405, 25],
]) 

gamma_B_31 = 1/ 165888 * np.array([
    [0, 25, -70, -630, -70, 25, 0],
    [0, 405, -1134, -10206, -1134, 405, 0],
    [0, -3310, 9268, 83412, 9268, -3310, 0],
    [0, -3310, 9268, 83412, 9268, -3310, 0],
    [0, -3310, 9268, 83412, 9268, -3310, 0],
    [0, 405, -1134, -10206, -1134, 405, 0],
    [0, 25, -70, -630, -70, 25, 0]
]) 

gamma_C_31 = 1 / 165888 * np.array([
    [0, 0, 0, 0, 0, 0, 0],
    [25, 405, -3310, -3310, -3310, 405, 25],
    [-70, -1134, 9268, 9268, 9268, -1134, -70],
    [-630, -10206, 83412, 83412, 83412, -10206, -630],
    [-70, -1134, 9268, 9268, 9268, -1134, -70],
    [25, 405, -3310, -3310, -3310, 405, 25],
    [0, 0, 0, 0, 0, 0, 0]
]) 

gamma_D_31 = 1 / 20736 * np.array([
    [0, 0, 0, 0, 0, 0, 0],
    [0, 25, -70, -630, -70, 25, 0],
    [0, -70, 196, 1764, 196, -70, 0],
    [0, -630, 1764, 15876, 1764, -630, 0],
    [0, -70, 196, 1764, 196, -70, 0],
    [0, 25, -70, -630, -70, 25, 0],
    [0, 0, 0, 0, 0, 0, 0]
]) 

gamma_A_41 = 1 / 2359296 * np.array([
    [1, 70, -225, -1228, -225, 70, 1],
    [70, 4900, -15750, -85960, -15750, 4900, 70],
    [-225, -15750, 50625, 276300, 50625, -15750, -225],
    [-1228, -85960, 276300, 1507984, 276300, -85960, -1228],
    [-225, -15750, 50625, 276300, 50625, -15750, -225],
    [70, 4900, -15750, -85960, -15750, 4900, 70],
    [1, 70, -225, -1228, -225, 70, 1],
]) 

gamma_B_41 = 1 / 147456 * np.array([
    [0, 1, 5, -54, 5, 1, 0],
    [0, 70, 350, -3780, 350, 70, 0],
    [0, -225, -1125, 12150, -1125, -225, 0],
    [0, -1228, -6140, 66312, -6140, -1228, 0],
    [0, -225, -1125, 12150, -1125, -225, 0],
    [0, 70, 350, -3780, 350, 70, 0],
    [0, 1, 5, -54, 5, 1, 0],
]) 

gamma_C_41 = 1 / 147456 * np.array([
    [0, 0, 0, 0, 0, 0, 0],
    [1, 70, -225, -1228, -225, 70, 1],
    [5, 350, -1125, -6140, -1125, 350, 5],
    [-54, -3780, 12150, 66312, 12150, -3780, -54],
    [5, 350, -1125, -6140, -1125, 350, 5],
    [1, 70, -225, -1228, -225, 70, 1],
    [0, 0, 0, 0, 0, 0, 0]
]) 

gamma_D_41 = 1 / 9216 * np.array([
    [0, 0, 0, 0, 0, 0, 0],
    [0, 1, 5, -54, 5, 1, 0],
    [0, 5, 25, -270, 25, 5, 0],
    [0, -54, -270, 2916, -270, -54, 0],
    [0, 5, 25, -270, 25, 5, 0],
    [0, 1, 5, -54, 5, 1, 0],
    [0, 0, 0, 0, 0, 0, 0]
]) 
 
gamma = {
    'y2': {'A':gamma_A_21, 'B': gamma_B_21, 'C': gamma_C_21, 'D': gamma_D_21},
    'y22': {'A':gamma_A_22, 'B': gamma_B_22, 'C': gamma_C_22, 'D': gamma_D_22},
    'y3': {'A':gamma_A_31, 'B': gamma_B_31, 'C': gamma_C_31, 'D': gamma_D_31},
    'y4': {'A':gamma_A_41, 'B': gamma_B_41, 'C': gamma_C_41, 'D': gamma_D_41}
}